['S', 'a', 'b', 'q', 'p', 'o', 'n', 'm']
['a', 'b', 'c', 'r', 'y', 'x', 'x', 'l']
['a', 'c', 'c', 's', 'z', 'E', 'x', 'k']
['a', 'c', 'c', 't', 'u', 'v', 'w', 'j']
['a', 'b', 'd', 'e', 'f', 'g', 'h', 'i']
[[ 1  1  2 17 16 15 14 13]
 [ 1  2  3 18 25 24 24 12]
 [ 1  3  3 19 26 26 24 11]
 [ 1  3  3 20 21 22 23 10]
 [ 1  2  4  5  6  7  8  9]]
[1]
S,E [0, 0] [2, 5]
NEEEG  1
ELSE [0, 0] -> [0, 1]  1 1
[1, 1]
S,E [0, 1] [2, 5]
NEEEG  2
ELSE [0, 1] -> [0, 2]  1 2
[1, 1, 2]
S,E [0, 2] [2, 5]
NEEEG  3
ELSE [0, 2] -> [1, 2]  2 3
[1, 1, 2, 3]
S,E [1, 2] [2, 5]
NEEEG  3
ELSE [1, 2] -> [2, 2]  3 3
[1, 1, 2, 3, 3]
S,E [2, 2] [2, 5]
NEEEG  3
ELSE [2, 2] -> [1, 2]  3 3
ELSE [2, 2] -> [2, 1]  3 3
[1, 1, 2, 3, 3, 3]
S,E [2, 1] [2, 5]
NEEEG  3
ELSE [2, 1] -> [2, 2]  3 3
ELSE [2, 1] -> [3, 1]  3 3
[1, 1, 2, 3, 3, 3, 3]
S,E [3, 1] [2, 5]
NEEEG  3
ELSE [3, 1] -> [3, 2]  3 3
[1, 1, 2, 3, 3, 3, 3, 3]
S,E [3, 2] [2, 5]
NEEEG  4
ELSE [3, 2] -> [2, 2]  3 3
ELSE [3, 2] -> [3, 1]  3 3
ELSE [3, 2] -> [4, 2]  3 4
[1, 1, 2, 3, 3, 3, 3, 3, 4]
S,E [4, 2] [2, 5]
NEEEG  5
ELSE [4, 2] -> [4, 3]  4 5
[1, 1, 2, 3, 3, 3, 3, 3, 4, 5]
S,E [4, 3] [2, 5]
NEEEG  6
ELSE [4, 3] -> [4, 4]  5 6
[1, 1, 2, 3, 3, 3, 3, 3, 4, 5, 6]
S,E [4, 4] [2, 5]
NEEEG  7
ELSE [4, 4] -> [4, 5]  6 7
[1, 1, 2, 3, 3, 3, 3, 3, 4, 5, 6, 7]
S,E [4, 5] [2, 5]
NEEEG  8
ELSE [4, 5] -> [4, 6]  7 8
[1, 1, 2, 3, 3, 3, 3, 3, 4, 5, 6, 7, 8]
S,E [4, 6] [2, 5]
NEEEG  9
ELSE [4, 6] -> [4, 7]  8 9
[1, 1, 2, 3, 3, 3, 3, 3, 4, 5, 6, 7, 8, 9]
S,E [4, 7] [2, 5]
NEEEG  10
ELSE [4, 7] -> [3, 7]  9 10
[1, 1, 2, 3, 3, 3, 3, 3, 4, 5, 6, 7, 8, 9, 10]
S,E [3, 7] [2, 5]
NEEEG  11
ELSE [3, 7] -> [2, 7]  10 11
[1, 1, 2, 3, 3, 3, 3, 3, 4, 5, 6, 7, 8, 9, 10, 11]
S,E [2, 7] [2, 5]
NEEEG  12
ELSE [2, 7] -> [1, 7]  11 12
[1, 1, 2, 3, 3, 3, 3, 3, 4, 5, 6, 7, 8, 9, 10, 11, 12]
S,E [1, 7] [2, 5]
NEEEG  13
ELSE [1, 7] -> [0, 7]  12 13
[1, 1, 2, 3, 3, 3, 3, 3, 4, 5, 6, 7, 8, 9, 10, 11, 12, 13]
S,E [0, 7] [2, 5]
NEEEG  14
ELSE [0, 7] -> [0, 6]  13 14
[1, 1, 2, 3, 3, 3, 3, 3, 4, 5, 6, 7, 8, 9, 10, 11, 12, 13, 14]
S,E [0, 6] [2, 5]
NEEEG  15
ELSE [0, 6] -> [0, 5]  14 15
[1, 1, 2, 3, 3, 3, 3, 3, 4, 5, 6, 7, 8, 9, 10, 11, 12, 13, 14, 15]
S,E [0, 5] [2, 5]
NEEEG  16
ELSE [0, 5] -> [0, 4]  15 16
[1, 1, 2, 3, 3, 3, 3, 3, 4, 5, 6, 7, 8, 9, 10, 11, 12, 13, 14, 15, 16]
S,E [0, 4] [2, 5]
NEEEG  17
ELSE [0, 4] -> [0, 3]  16 17
[1, 1, 2, 3, 3, 3, 3, 3, 4, 5, 6, 7, 8, 9, 10, 11, 12, 13, 14, 15, 16, 17]
S,E [0, 3] [2, 5]
NEEEG  18
ELSE [0, 3] -> [1, 3]  17 18
[1, 1, 2, 3, 3, 3, 3, 3, 4, 5, 6, 7, 8, 9, 10, 11, 12, 13, 14, 15, 16, 17, 18]
S,E [1, 3] [2, 5]
NEEEG  19
ELSE [1, 3] -> [2, 3]  18 19
[1, 1, 2, 3, 3, 3, 3, 3, 4, 5, 6, 7, 8, 9, 10, 11, 12, 13, 14, 15, 16, 17, 18, 19]
S,E [2, 3] [2, 5]
NEEEG  20
ELSE [2, 3] -> [3, 3]  19 20
[1, 1, 2, 3, 3, 3, 3, 3, 4, 5, 6, 7, 8, 9, 10, 11, 12, 13, 14, 15, 16, 17, 18, 19, 20]
S,E [3, 3] [2, 5]
NEEEG  21
ELSE [3, 3] -> [3, 4]  20 21
[1, 1, 2, 3, 3, 3, 3, 3, 4, 5, 6, 7, 8, 9, 10, 11, 12, 13, 14, 15, 16, 17, 18, 19, 20, 21]
S,E [3, 4] [2, 5]
NEEEG  22
ELSE [3, 4] -> [3, 5]  21 22
[1, 1, 2, 3, 3, 3, 3, 3, 4, 5, 6, 7, 8, 9, 10, 11, 12, 13, 14, 15, 16, 17, 18, 19, 20, 21, 22]
S,E [3, 5] [2, 5]
NEEEG  23
ELSE [3, 5] -> [3, 6]  22 23
[1, 1, 2, 3, 3, 3, 3, 3, 4, 5, 6, 7, 8, 9, 10, 11, 12, 13, 14, 15, 16, 17, 18, 19, 20, 21, 22, 23]
S,E [3, 6] [2, 5]
NEEEG  24
ELSE [3, 6] -> [2, 6]  23 24
[1, 1, 2, 3, 3, 3, 3, 3, 4, 5, 6, 7, 8, 9, 10, 11, 12, 13, 14, 15, 16, 17, 18, 19, 20, 21, 22, 23, 24]
S,E [2, 6] [2, 5]
NEEEG  24
ELSE [2, 6] -> [1, 6]  24 24
[1, 1, 2, 3, 3, 3, 3, 3, 4, 5, 6, 7, 8, 9, 10, 11, 12, 13, 14, 15, 16, 17, 18, 19, 20, 21, 22, 23, 24, 24]
S,E [1, 6] [2, 5]
NEEEG  24
ELSE [1, 6] -> [1, 5]  24 24
[1, 1, 2, 3, 3, 3, 3, 3, 4, 5, 6, 7, 8, 9, 10, 11, 12, 13, 14, 15, 16, 17, 18, 19, 20, 21, 22, 23, 24, 24, 24]
S,E [1, 5] [2, 5]
NEEEG  25
ELSE [1, 5] -> [1, 6]  24 24
ELSE [1, 5] -> [1, 4]  24 25
[1, 1, 2, 3, 3, 3, 3, 3, 4, 5, 6, 7, 8, 9, 10, 11, 12, 13, 14, 15, 16, 17, 18, 19, 20, 21, 22, 23, 24, 24, 24, 25]
S,E [1, 4] [2, 5]
NEEEG  26
ELSE [1, 4] -> [2, 4]  25 26
[1, 1, 2, 3, 3, 3, 3, 3, 4, 5, 6, 7, 8, 9, 10, 11, 12, 13, 14, 15, 16, 17, 18, 19, 20, 21, 22, 23, 24, 24, 24, 25, 26]
S,E [2, 4] [2, 5]
NEEEG  26
ELSE [2, 4] -> [2, 5]  26 26
[1, 1, 2, 3, 3, 3, 3, 3, 4, 5, 6, 7, 8, 9, 10, 11, 12, 13, 14, 15, 16, 17, 18, 19, 20, 21, 22, 23, 24, 24, 24, 25, 26, 26]
S,E [2, 5] [2, 5]
SOLVED [[0, 0], [0, 1], [0, 2], [1, 2], [2, 2], [2, 1], [3, 1], [3, 2], [4, 2], [4, 3], [4, 4], [4, 5], [4, 6], [4, 7], [3, 7], [2, 7], [1, 7], [0, 7], [0, 6], [0, 5], [0, 4], [0, 3], [1, 3], [2, 3], [3, 3], [3, 4], [3, 5], [3, 6], [2, 6], [1, 6], [1, 5], [1, 4], [2, 4], [2, 5]] 34 [1, 1, 2, 3, 3, 3, 3, 3, 4, 5, 6, 7, 8, 9, 10, 11, 12, 13, 14, 15, 16, 17, 18, 19, 20, 21, 22, 23, 24, 24, 24, 25, 26, 26]
ELSE [1, 6] -> [2, 6]  24 24
